7215285795798
12290763577842
13275177070369
17454240377307
29190104568494
59766099872120
79567150580843
81537898419503
87394615601115
89362417763282
91411007814088
113000222478351
122021380070391
132242401057673
138660100354690
139692291879505
140738397883624
165568950813076
171794956858086
209410885084946
212685601821442
222245670253394
229879514868002
235548726933888
238810212816881
243103903211712
258520950628714
261433242471262
279081595294430
280995391487464
284552515156887
296360018315763
306882542392201
311491667712983
321797371588609
333643952013052
335892243826025
337046873922112
349546053183443
357476988269480
390065361815395
394031160505449
395041855771997
399277421037994
410339365938889
430068796555508
438038187804877
457167897441864
462510752445400
466262879253681
476790257229493
479580398091640
490158398078357
496705081934453
504280974236840
504424721622377
513049510280006
550680803298069
558576228719802
560366278571652
572229171998306
581669390169753
587674942934704
608570483811428
617894915126311
628321108574330
635563321059591
653318056246223
661085140555155
666906505510494
670796309822097
695250169032813
698576324166461
734478954482604
790330283259107
860437213521678
936637619733676
937624453106451
1012839673718406
1026077759632952
1067106972354716
1215285019941982
1225906413461687
